1 0.0959985632183908 0.44193269230769233 0.026566091954022993 0.01913461538461536
0 0.7304669540229884 0.6703365384615384 0.019892241379310383 0.02844230769230762
1 0.17915948275862068 0.7094807692307692 0.02234195402298852 0.023721153846153916
1 0.22738505747126436 0.718875 0.02117097701149427 0.027471153846153784
1 0.18035919540229886 0.7775961538461539 0.01210488505747128 0.012999999999999982
1 0.14813218390804597 0.7451538461538462 0.0200646551724138 0.016528846153846206
1 0.23286637931034482 0.8969615384615385 0.024727011494252844 0.020625000000000043
1 0.6467528735632184 0.44382692307692306 0.015682471264367764 0.013730769230769204
1 0.42388649425287356 0.7735288461538462 0.022478448275862043 0.021884615384615377
1 0.5398563218390805 0.7693846153846153 0.022499999999999954 0.022153846153846118
1 0.8927658045977012 0.9210480769230769 0.016558908045977143 0.02125961538461529
1 0.7442456896551725 0.8141057692307692 0.014130747126436834 0.016509615384615456
0 0.11480603448275863 0.6049807692307692 0.02361350574712644 0.04401923076923074
0 0.1704741379310345 0.6005961538461538 0.03913793103448277 0.04150961538461546
0 0.2960129310344828 0.7466730769230769 0.04594827586206899 0.05030769230769225
0 0.2639655172413793 0.6421634615384616 0.10233477011494248 0.07415384615384626
0 0.3494396551724138 0.6300384615384615 0.02563218390804594 0.05207692307692315
0 0.32338362068965515 0.5179615384615384 0.023311781609195434 0.03489423076923073
1 0.02983477011494253 0.9615576923076923 0.021206896551724135 0.014480769230769179
0 0.08003591954022989 0.7076153846153845 0.02607758620689656 0.01769230769230778
1 0.07263649425287357 0.7133557692307693 0.019094827586206904 0.011288461538461548
1 0.2284626436781609 0.9920192307692308 0.02277298850574716 0.012144230769230874
1 0.2507183908045977 0.9951923076923077 0.021551724137931036 0.009615384615384616
1 0.12967672413793102 0.9836346153846154 0.020114942528735632 0.017038461538461454
1 0.40440373563218385 0.667375 0.010668103448275797 0.010750000000000062
1 0.41576149425287356 0.6447115384615385 0.014777298850574667 0.012009615384615393
0 0.4600933908045977 0.7038173076923078 0.07666666666666669 0.0468365384615385
1 0.550933908045977 0.8719134615384615 0.013060344827586253 0.019999999999999955
1 0.6484195402298851 0.734798076923077 0.011594827586206969 0.015586538461538497
0 0.13032327586206896 0.7248269230769231 0.03357040229885059 0.04798076923076932
1 0.19609195402298848 0.5445 0.026048850574712637 0.016807692307692326
0 0.46966954022988505 0.8343076923076923 0.022270114942528736 0.04497115384615383
0 0.48341954022988504 0.8849423076923078 0.03781609195402306 0.035528846153846196
0 0.4823060344827586 0.9732403846153846 0.019109195402298784 0.02283653846153857
0 0.48415229885057476 0.9916442307692307 0.015294540229885032 0.014778846153846049
0 0.5662643678160919 0.9540288461538462 0.0261063218390804 0.04510576923076931
1 0.40380747126436783 0.9097211538461538 0.018196839080459718 0.015269230769230873
0 0.5566451149425288 0.7659134615384615 0.029964080459770143 0.03540384615384609
0 0.6438146551724139 0.7176634615384615 0.028139367816092005 0.03293269230769231
0 0.6300431034482759 0.9250480769230769 0.02551005747126436 0.0921057692307692
0 0.6772270114942529 0.9524615384615384 0.02679597701149422 0.03579807692307694
0 0.7554669540229885 0.8614038461538461 0.1089295977011495 0.029634615384615322
0 0.7634985632183908 0.932826923076923 0.03552442528735619 0.048384615384615325
1 0.7691666666666667 0.9443076923076923 0.017327586206896475 0.019490384615384597
0 0.5698132183908046 0.6267788461538462 0.03022270114942524 0.036759615384615404
0 0.5868247126436782 0.6426153846153847 0.02948275862068963 0.035528846153846196
0 0.590933908045977 0.5326826923076923 0.040689655172413866 0.032615384615384685
0 0.42336206896551726 0.5239711538461538 0.03833333333333326 0.04524038461538457
0 0.4386637931034483 0.48738461538461536 0.03269396551724137 0.019346153846153794
1 0.6210488505747126 0.48800961538461535 0.010301724137930976 0.03161538461538466
0 0.6789295977011495 0.5577019230769231 0.02619971264367818 0.06301923076923073
0 0.7688433908045977 0.5895192307692307 0.024202586206896592 0.0266057692307693
0 0.7673132183908046 0.5357980769230769 0.026329022988505812 0.03010576923076918
0 0.7575143678160919 0.470625 0.04223419540229882 0.023951923076923048
0 0.8140948275862069 0.49625 0.05243534482758605 0.023230769230769256
0 0.8766091954022989 0.4701346153846154 0.02503591954022982 0.03644230769230767
0 0.856264367816092 0.5151442307692308 0.02503591954022982 0.03501923076923084
1 0.8607974137931035 0.5296153846153846 0.0141235632183907 0.017711538461538532
0 0.8159841954022988 0.976576923076923 0.04933189655172419 0.04684615384615387
0 0.9130100574712644 0.7453942307692308 0.04869971264367814 0.0945673076923076
0 0.8321120689655173 0.7315096153846153 0.07332614942528748 0.11338461538461546
0 0.8555244252873564 0.6835288461538461 0.03147988505747138 0.03991346153846153
0 0.9675646551724137 0.6087115384615384 0.06487068965517255 0.06190384615384626
0 0.9608405172413793 0.5407692307692308 0.01797413793103447 0.030509615384615402
0 0.9338577586206896 0.16073076923076923 0.04936781609195388 0.0355480769230769
0 0.6930100574712642 0.2345384615384615 0.10231321839080457 0.09265384615384614
0 0.7308692528735632 0.24041346153846152 0.06617097701149419 0.05528846153846151
0 0.779087643678161 0.33797115384615384 0.05591235632183903 0.06762500000000005
0 0.5095689655172414 0.17124999999999999 0.04607758620689662 0.0805096153846154
0 0.5629813218390805 0.25453846153846155 0.08151580459770116 0.06015384615384613
0 0.9644612068965517 0.7110192307692308 0.03523706896551737 0.058230769230769176
0 0.37880747126436776 0.42014423076923074 0.028699712643678193 0.060499999999999964
0 0.40999281609195404 0.40623076923076923 0.036472701149425274 0.08132692307692312
0 0.3939152298850575 0.34098076923076925 0.02921695402298856 0.05477884615384618
0 0.405617816091954 0.12823076923076923 0.09106321839080458 0.03851923076923077
0 0.35941810344827585 0.24765384615384617 0.0345402298850575 0.09729807692307689
0 0.38483477011494255 0.23908653846153846 0.04484913793103449 0.08586538461538462
1 0.3839942528735632 0.27152884615384615 0.018038793103448202 0.02321153846153845
0 0.4564655172413793 0.11675 0.030524425287356327 0.031086538461538474
0 0.4707183908045977 0.0795 0.036372126436781685 0.03753846153846153
1 0.6262356321839081 0.2446826923076923 0.0158836206896551 0.02110576923076922
0 0.21276580459770117 0.3342596153846154 0.06670977011494254 0.04231730769230768
0 0.28078304597701154 0.2804423076923077 0.03283045977011498 0.04643269230769227
0 0.2083764367816092 0.26514423076923077 0.06511494252873562 0.0409423076923077
0 0.169066091954023 0.2377019230769231 0.046479885057471255 0.03277884615384613
0 0.22946120689655175 0.18308653846153847 0.023936781609195438 0.06390384615384613
0 0.26948275862068966 0.1630096153846154 0.03079022988505748 0.03504807692307691
1 0.27141522988505745 0.13760576923076925 0.014087643678160929 0.02079807692307692
1 0.25214080459770116 0.08150961538461537 0.023290229885057443 0.01767307692307692
0 0.17802442528735632 0.15210576923076924 0.021831896551724128 0.027048076923076918
0 0.18698994252873566 0.11383653846153846 0.038591954022988526 0.0532596153846154
1 0.19841235632183907 0.11461538461538462 0.017068965517241373 0.011067307692307684
0 0.12875 0.20788461538461536 0.02397270114942529 0.03941346153846155
0 0.14861350574712645 0.05099038461538462 0.04401580459770114 0.03323076923076923
0 0.134375 0.07428846153846154 0.04553160919540229 0.03211538461538462
0 0.10988505747126437 0.16788461538461538 0.029698275862068947 0.04685576923076925
0 0.05405172413793103 0.083625 0.03638649425287357 0.036971153846153834
0 0.05533764367816092 0.14764423076923078 0.031932471264367816 0.040884615384615366
0 0.06811781609195401 0.1346923076923077 0.038613505747126436 0.03364423076923078
0 0.050948275862068966 0.28665384615384615 0.038958333333333324 0.030298076923076914
0 0.06576867816091954 0.3556923076923077 0.04575431034482758 0.04288461538461541
0 0.04420977011494253 0.4306634615384615 0.06357040229885057 0.03598076923076919
0 0.050948275862068966 0.5725673076923077 0.03603448275862069 0.03467307692307687
1 0.24967672413793104 0.4359230769230769 0.020998563218390817 0.015134615384615394
0 0.7314798850574713 0.129 0.03201867816091958 0.0397403846153846
0 0.8042385057471264 0.015865384615384615 0.04382183908045977 0.03173076923076923
1 0.6844755747126436 0.04593269230769231 0.01726293103448274 0.017211538461538452
0 0.7097341954022989 0.295125 0.051135057471264414 0.036298076923076926
1 0.721587643678161 0.306375 0.018117816091954043 0.019038461538461494
1 0.7256824712643678 0.29578846153846156 0.019202586206896567 0.015500000000000005
1 0.825294540229885 0.30674999999999997 0.020172413793103396 0.024413461538461526