1 0.5508979885057471 0.872548076923077 0.013060344827586253 0.019999999999999955
0 0.6967744252873563 0.11783653846153846 0.03476293103448283 0.027067307692307696
1 0.24967672413793104 0.4359230769230769 0.020998563218390817 0.015134615384615394
1 0.8671264367816092 0.5307692307692308 0.0141235632183907 0.017711538461538532
0 0.8613433908045977 0.5215384615384615 0.025969827586206962 0.03880769230769221
0 0.8888864942528735 0.48072115384615377 0.023656609195402183 0.04370192307692307
0 0.8226939655172414 0.48669230769230765 0.039446839080459664 0.0360384615384615
0 0.8578663793103449 0.6739903846153846 0.027456896551723994 0.03722115384615388
0 0.9664367816091953 0.7214326923076922 0.041508620689655315 0.04283653846153842
0 0.9170545977011494 0.7608846153846154 0.05328304597701155 0.0809615384615385
1 0.8935488505747126 0.9198942307692308 0.016558908045977143 0.02125961538461529
0 0.7577586206896552 0.9425288461538461 0.04108477011494257 0.033913461538461524
0 0.8130316091954023 0.9687403846153846 0.06661637931034484 0.051730769230769295
0 0.6855459770114942 0.9403942307692308 0.025071839080459835 0.04234615384615381
0 0.6369971264367816 0.9339230769230769 0.03563936781609188 0.08775
0 0.55121408045977 0.7562019230769231 0.04474137931034481 0.045346153846153925
0 0.6486997126436782 0.7107307692307692 0.02641522988505746 0.04679807692307699
0 0.548405172413793 0.6349807692307692 0.03153735632183915 0.030548076923076907
0 0.5993247126436781 0.6110096153846154 0.05471264367816098 0.03621153846153854
0 0.7414295977011494 0.4716442307692308 0.04086925287356321 0.04824038461538463
0 0.8101795977011494 0.00725 0.045344827586206816 0.0145
0 0.9384985632183909 0.16532692307692307 0.06043103448275854 0.053615384615384606
0 0.7012284482758621 0.29133653846153845 0.06253591954022986 0.036134615384615425
1 0.826558908045977 0.306375 0.014267241379310435 0.01989423076923082
0 0.7958979885057472 0.3285480769230769 0.030237068965517346 0.03397115384615389
0 0.7351508620689655 0.23604807692307694 0.07645114942528733 0.05674999999999998
0 0.6886853448275861 0.22679807692307694 0.1002658045977011 0.09782692307692309
0 0.4297988505747126 0.11762500000000001 0.04973419540229886 0.03738461538461539
0 0.3899784482758621 0.16404807692307694 0.03358477011494253 0.061519230769230784
0 0.4606896551724138 0.11859615384615385 0.026817528735632132 0.02521153846153845
0 0.47028735632183905 0.0801153846153846 0.03767959770114946 0.033153846153846145
0 0.512492816091954 0.17941346153846155 0.06290948275862064 0.06682692307692308
0 0.5646408045977012 0.24945192307692307 0.0913577586206897 0.046500000000000014
0 0.3802155172413793 0.241375 0.04340517241379312 0.08985576923076923
0 0.35555316091954026 0.2347403846153846 0.025797413793103425 0.06759615384615383
0 0.2711709770114943 0.15774038461538462 0.03079022988505748 0.03504807692307691
1 0.2702873563218391 0.13873076923076924 0.012399425287356314 0.015528846153846133
0 0.18022988505747126 0.08887500000000001 0.03688936781609197 0.05198076923076923
0 0.14427442528735632 0.0721826923076923 0.035294540229885055 0.03814423076923078
0 0.15629310344827588 0.03346153846153846 0.023196839080459785 0.034836538461538454
0 0.1793462643678161 0.13591346153846154 0.02492097701149425 0.0601826923076923
0 0.055064655172413796 0.086375 0.03083333333333334 0.037817307692307706
0 0.06692528735632183 0.12416346153846153 0.037183908045977 0.0334326923076923
0 0.05613505747126437 0.15466346153846153 0.02748563218390804 0.05576923076923077
0 0.1032183908045977 0.1598076923076923 0.03573275862068966 0.04685576923076925
0 0.12875 0.20671153846153845 0.02397270114942529 0.03324999999999999
0 0.17204741379310345 0.23218269230769228 0.056831896551724145 0.03880769230769229
0 0.2772198275862069 0.2697307692307692 0.03224856321839079 0.04406730769230773
0 0.2277442528735632 0.32302884615384614 0.0589295977011494 0.04337500000000001
1 0.09104166666666667 0.4398269230769231 0.022614942528735624 0.019932692307692325
1 0.12349137931034483 0.9765769230769231 0.02563936781609195 0.016461538461538465
0 0.12318247126436782 0.7301923076923077 0.05979885057471265 0.048355769230769195
1 0.06841235632183908 0.7164807692307692 0.011228448275862066 0.010509615384615445
1 0.1799640804597701 0.7062403846153846 0.027176724137931044 0.02155769230769238
1 0.2297485632183908 0.7169326923076923 0.03214798850574713 0.021846153846153873
1 0.18025143678160918 0.7757211538461538 0.01855603448275861 0.012999999999999982
1 0.14813218390804597 0.7451538461538462 0.0200646551724138 0.016528846153846206
1 0.6473778735632184 0.4428269230769231 0.013441091954023014 0.013730769230769204
1 0.4245330459770115 0.7737403846153846 0.019252873563218358 0.01886538461538451
1 0.5387571839080461 0.7666634615384615 0.01420258620689654 0.01817307692307701
1 0.7439152298850574 0.8127884615384615 0.018060344827586196 0.017384615384615314
0 0.11561781609195403 0.5982019230769231 0.030610632183908054 0.056999999999999974
0 0.1769324712643678 0.5884230769230769 0.05400143678160921 0.05605769230769227
0 0.29961206896551723 0.7516346153846154 0.049281609195402316 0.05102884615384609
0 0.2609985632183908 0.6458461538461538 0.08497844827586204 0.06650000000000007
0 0.3494396551724138 0.6300384615384615 0.02563218390804594 0.05207692307692315
0 0.32015804597701153 0.5132115384615384 0.031048850574712662 0.028846153846153848
1 0.030696839080459767 0.9586730769230769 0.02465517241379311 0.016788461538461575
0 0.07326867816091953 0.7037307692307693 0.03832614942528735 0.021144230769230776
1 0.2284626436781609 0.9920192307692308 0.02277298850574716 0.012144230769230874
1 0.2507183908045977 0.9951923076923077 0.021551724137931036 0.009615384615384616
1 0.4002586206896552 0.639846153846154 0.010668103448275797 0.010750000000000062
1 0.41673132183908046 0.6447115384615385 0.014777298850574667 0.012009615384615393
0 0.4633045977011494 0.69425 0.07129310344827587 0.05145192307692307
1 0.6521408045977012 0.7245576923076923 0.011594827586206969 0.015586538461538497
0 0.7289295977011495 0.6638365384615385 0.014231321839080503 0.01977884615384609
1 0.19609195402298848 0.5450769230769231 0.026048850574712637 0.016807692307692326
0 0.4640804597701149 0.8303557692307693 0.028972701149425236 0.048307692307692315
0 0.48430316091954023 0.8799807692307692 0.04373563218390812 0.038567307692307595
0 0.4886063218390804 0.9692596153846154 0.02113505747126442 0.030875000000000014
0 0.4821264367816092 0.9881250000000001 0.0166020114942528 0.01916346153846149
0 0.5676149425287357 0.953125 0.0261063218390804 0.04510576923076931
1 0.40461206896551727 0.9088557692307693 0.0217456896551724 0.01613461538461536
0 0.7559554597701149 0.8614038461538461 0.10991379310344827 0.029634615384615322
1 0.7698204022988505 0.9438653846153846 0.017327586206896475 0.019490384615384597
0 0.5906896551724138 0.5227307692307692 0.04452586206896553 0.04004807692307701
0 0.42336206896551726 0.5239711538461538 0.03833333333333326 0.04524038461538457
0 0.4386637931034483 0.48738461538461536 0.03269396551724137 0.019346153846153794
1 0.6210488505747126 0.49034615384615376 0.010301724137930976 0.03628846153846149
0 0.6779669540229886 0.5528653846153846 0.02619971264367818 0.06301923076923073
0 0.7715373563218391 0.5879326923076924 0.03959770114942521 0.04284615384615379
0 0.7673132183908046 0.5357980769230769 0.026329022988505812 0.03010576923076918
0 0.8258908045977013 0.7501634615384615 0.0713577586206896 0.07696153846153843
0 0.9675646551724137 0.605201923076923 0.06487068965517255 0.06190384615384604
0 0.9626436781609196 0.5368173076923076 0.01830459770114944 0.02699999999999993
0 0.37880747126436776 0.41297115384615385 0.028699712643678193 0.04616346153846153
0 0.40824712643678157 0.3990576923076923 0.03348419540229878 0.07966346153846156
0 0.38732040229885056 0.34398076923076926 0.036436781609195425 0.05277884615384614
1 0.3847413793103448 0.2721923076923077 0.018038793103448202 0.02321153846153845
1 0.6282040229885058 0.24336538461538462 0.0158836206896551 0.02110576923076922
0 0.2083764367816092 0.26514423076923077 0.06511494252873562 0.0409423076923077
0 0.2244037356321839 0.1891826923076923 0.02663074712643682 0.04628846153846153
1 0.25214080459770116 0.08150961538461537 0.023290229885057443 0.01767307692307692
1 0.19841235632183907 0.11461538461538462 0.017068965517241373 0.011067307692307684
0 0.05385057471264367 0.2816923076923077 0.03766522988505747 0.05146153846153845
0 0.05545258620689655 0.3552596153846154 0.04575431034482758 0.04288461538461541
0 0.038908045977011495 0.4315865384615385 0.06357040229885058 0.03598076923076919
1 0.6748347701149425 0.03510576923076923 0.01726293103448274 0.017211538461538455
1 0.7204382183908046 0.30374999999999996 0.01949712643678168 0.01873076923076925
1 0.7247629310344827 0.2927019230769231 0.015057471264367843 0.013653846153846197
0 0.7368893678160919 0.6733846153846155 0.01632183908045971 0.017711538461538532
1 0.23772270114942531 0.8954423076923077 0.025452586206896517 0.018769230769230753
0 0.049999999999999996 0.5646538461538462 0.028620689655172418 0.048374999999999946