1 0.09438936781609195 0.43726923076923074 0.026214080459770122 0.020634615384615418
1 0.6494827586206897 0.7239711538461538 0.011594827586206969 0.015586538461538497
0 0.7304669540229884 0.6703365384615384 0.019892241379310383 0.02844230769230762
1 0.1799640804597701 0.7062403846153846 0.027176724137931044 0.02155769230769238
1 0.22996408045977013 0.715201923076923 0.025682471264367818 0.025307692307692246
1 0.17938936781609197 0.776298076923077 0.01855603448275861 0.012999999999999982
1 0.14813218390804597 0.7451538461538462 0.0200646551724138 0.016528846153846206
1 0.23901580459770114 0.894 0.02631465517241379 0.02049999999999994
1 0.6467528735632184 0.44382692307692306 0.015682471264367764 0.013730769230769204
1 0.4245330459770115 0.7737403846153846 0.019252873563218358 0.01886538461538451
1 0.5405028735632184 0.7655 0.01669540229885058 0.017836538461538418
1 0.8921120689655172 0.9210480769230769 0.016558908045977143 0.02125961538461529
1 0.7439152298850574 0.8127884615384615 0.018060344827586196 0.017384615384615314
0 0.11432471264367815 0.6028173076923077 0.027162356321839082 0.05006730769230763
0 0.1724066091954023 0.5930384615384615 0.042363505747126454 0.05144230769230769
0 0.2993965517241379 0.7525000000000001 0.04885057471264368 0.0516057692307693
0 0.2644468390804598 0.6415192307692307 0.10394396551724142 0.07631730769230781
0 0.3494396551724138 0.6300384615384615 0.02563218390804594 0.05207692307692315
0 0.32015804597701153 0.5132115384615384 0.031048850574712662 0.028846153846153848
1 0.02983477011494253 0.9615576923076923 0.021206896551724135 0.014480769230769179
0 0.07326867816091953 0.7037307692307693 0.03832614942528735 0.021144230769230776
1 0.07263649425287357 0.7133557692307693 0.019094827586206904 0.011288461538461548
1 0.2284626436781609 0.9920192307692308 0.02277298850574716 0.012144230769230874
1 0.2507183908045977 0.9951923076923077 0.021551724137931036 0.009615384615384616
1 0.12691810344827587 0.9836346153846154 0.02563936781609195 0.017038461538461454
1 0.4015014367816092 0.6621923076923076 0.010668103448275797 0.010750000000000062
1 0.41673132183908046 0.6447115384615385 0.014777298850574667 0.012009615384615393
0 0.45944683908045975 0.69475 0.0760201149425287 0.0597884615384616
1 0.550933908045977 0.8719134615384615 0.013060344827586253 0.019999999999999955
0 0.1259698275862069 0.727201923076923 0.050014367816091955 0.04236538461538456
1 0.19609195402298848 0.5445 0.026048850574712637 0.016807692307692326
0 0.469058908045977 0.8310192307692308 0.02349856321839083 0.04497115384615383
0 0.48679597701149424 0.8824807692307692 0.04473419540229884 0.03289423076923081
0 0.48591235632183905 0.9703846153846154 0.019109195402298784 0.025903846153846208
0 0.48415229885057476 0.988576923076923 0.0166020114942528 0.01916346153846149
0 0.5662643678160919 0.9540288461538462 0.0261063218390804 0.04510576923076931
1 0.40461206896551727 0.9088557692307693 0.0217456896551724 0.01613461538461536
0 0.5526149425287357 0.7635384615384616 0.03286637931034483 0.040153846153846144
0 0.6438146551724139 0.7176634615384615 0.028139367816092005 0.03293269230769231
0 0.6316810344827586 0.9283365384615385 0.03075431034482755 0.09429807692307686
0 0.6818103448275863 0.9498269230769232 0.02679597701149422 0.03579807692307694
0 0.7559554597701149 0.8614038461538461 0.10991379310344827 0.029634615384615322
0 0.7600574712643678 0.9380961538461539 0.04568247126436792 0.04662500000000001
1 0.7698204022988505 0.9438653846153846 0.017327586206896475 0.019490384615384597
0 0.560625 0.632173076923077 0.03441091954022995 0.03632692307692305
0 0.5995617816091954 0.6290096153846153 0.0420545977011494 0.052375000000000026
0 0.5881968390804597 0.5233942307692309 0.04552442528735624 0.05204807692307703
0 0.42336206896551726 0.5239711538461538 0.03833333333333326 0.04524038461538457
0 0.4386637931034483 0.48738461538461536 0.03269396551724137 0.019346153846153794
1 0.6210488505747126 0.48800961538461535 0.010301724137930976 0.03161538461538466
0 0.6779669540229886 0.5528653846153846 0.02619971264367818 0.06301923076923073
0 0.7749066091954023 0.5897403846153847 0.03959770114942521 0.04284615384615379
0 0.7673132183908046 0.5357980769230769 0.026329022988505812 0.03010576923076918
0 0.7459985632183909 0.47194230769230766 0.057370689655172426 0.029951923076923057
0 0.8235919540229886 0.4912019230769231 0.07209051724137924 0.02718269230769229
0 0.8797198275862068 0.47254807692307693 0.03257183908045987 0.03599999999999994
0 0.8542959770114943 0.5217307692307692 0.030280172413793167 0.03765384615384623
1 0.8607974137931035 0.5296153846153846 0.0141235632183907 0.017711538461538532
0 0.8189295977011495 0.9754807692307692 0.05195402298850586 0.04903846153846154
0 0.9107183908045977 0.7552692307692308 0.05328304597701155 0.11870192307692312
0 0.8258908045977013 0.7501634615384615 0.0713577586206896 0.07696153846153843
0 0.8535560344827587 0.6795769230769231 0.03147988505747138 0.03991346153846153
0 0.9675646551724137 0.605201923076923 0.06487068965517255 0.06190384615384604
0 0.9626436781609196 0.5368173076923076 0.01830459770114944 0.02699999999999993
0 0.9336925287356322 0.15655769230769231 0.05362787356321846 0.0430096153846154
0 0.7000502873563219 0.2356346153846154 0.08822557471264364 0.08606730769230768
0 0.7313577586206896 0.24150961538461538 0.05142959770114945 0.04431730769230767
0 0.7893318965517241 0.3316538461538462 0.03220545977011489 0.04820192307692307
0 0.512191091954023 0.17366346153846154 0.0480387931034482 0.06428846153846156
0 0.5629813218390805 0.25234615384615383 0.08151580459770116 0.04349038461538463
0 0.9616738505747127 0.7094807692307692 0.039497126436781625 0.05516346153846143
0 0.37880747126436776 0.42014423076923074 0.028699712643678193 0.060499999999999964
0 0.40999281609195404 0.40623076923076923 0.036472701149425274 0.08132692307692312
0 0.3939152298850575 0.34098076923076925 0.02921695402298856 0.05477884615384618
0 0.4121623563218391 0.12165384615384617 0.09106321839080458 0.038519230769230785
0 0.35941810344827585 0.24765384615384617 0.0345402298850575 0.09729807692307689
0 0.38483477011494255 0.23908653846153846 0.04484913793103449 0.08586538461538462
1 0.3839942528735632 0.27152884615384615 0.018038793103448202 0.02321153846153845
0 0.458103448275862 0.117625 0.030524425287356327 0.031086538461538474
0 0.46646551724137936 0.0790576923076923 0.03767959770114946 0.033153846153846145
1 0.6282040229885058 0.24336538461538462 0.0158836206896551 0.02110576923076922
0 0.21066810344827586 0.3342596153846154 0.0844396551724138 0.05873076923076927
0 0.2819109195402299 0.276125 0.03573275862068966 0.05506730769230767
0 0.2083764367816092 0.26514423076923077 0.06511494252873562 0.0409423076923077
0 0.16632902298850574 0.23877884615384617 0.05905172413793103 0.03752884615384618
0 0.22946120689655175 0.18308653846153847 0.023936781609195438 0.06390384615384613
0 0.26948275862068966 0.1630096153846154 0.03079022988505748 0.03504807692307691
1 0.27141522988505745 0.13760576923076925 0.014087643678160929 0.02079807692307692
1 0.25214080459770116 0.08150961538461537 0.023290229885057443 0.01767307692307692
0 0.17802442528735632 0.15210576923076924 0.021831896551724128 0.027048076923076918
0 0.18795977011494253 0.11059615384615383 0.045043103448275876 0.0502403846153846
1 0.19841235632183907 0.11461538461538462 0.017068965517241373 0.011067307692307684
0 0.12875 0.20788461538461536 0.02397270114942529 0.03941346153846155
0 0.1510344827586207 0.04882692307692308 0.04562499999999999 0.03754807692307693
0 0.134375 0.07428846153846154 0.04553160919540229 0.03211538461538462
0 0.10988505747126437 0.16788461538461538 0.029698275862068947 0.04685576923076925
0 0.053081896551724135 0.08275961538461538 0.03638649425287357 0.036971153846153834
0 0.05533764367816092 0.14764423076923078 0.031932471264367816 0.040884615384615366
0 0.06811781609195401 0.1346923076923077 0.038613505747126436 0.03364423076923078
0 0.05385057471264367 0.2816923076923077 0.03766522988505747 0.05146153846153845
0 0.05545258620689655 0.3552596153846154 0.04575431034482758 0.04288461538461541
0 0.04227729885057471 0.43023076923076925 0.06357040229885057 0.03598076923076919
0 0.04788793103448276 0.5684615384615385 0.028620689655172418 0.03855769230769222
1 0.24967672413793104 0.4359230769230769 0.020998563218390817 0.015134615384615394
0 0.726235632183908 0.12526923076923077 0.05298850574712643 0.041932692307692324
0 0.8091666666666666 0.01719230769230769 0.05343390804597709 0.03438461538461538
1 0.6798922413793104 0.04549038461538462 0.01726293103448274 0.017211538461538466
0 0.7138793103448277 0.29265384615384615 0.04285201149425294 0.03876923076923082
1 0.7204382183908046 0.30374999999999996 0.01949712643678168 0.01873076923076925
1 0.7247629310344827 0.2927019230769231 0.015057471264367843 0.013653846153846197
1 0.825294540229885 0.30674999999999997 0.020172413793103396 0.024413461538461526
0 0.3930100574712644 0.16453846153846155 0.040215517241379325 0.04908653846153847