1 0.5508979885057471 0.872548076923077 0.013060344827586253 0.019999999999999955
0 0.11334770114942529 0.6042884615384616 0.025459770114942527 0.04482692307692297
0 0.06918103448275861 0.7053557692307693 0.024698275862068964 0.021144230769230776
0 0.13196839080459769 0.7336442307692308 0.050107758620689655 0.045519230769230694
0 0.2591810344827586 0.6531442307692308 0.0861925287356322 0.07785576923076926
1 0.4172198275862069 0.5720961538461539 0.010668103448275797 0.010750000000000062
0 0.2929454022988506 0.7560961538461539 0.030502873563218416 0.03399038461538453
1 0.4150502873563218 0.6447115384615385 0.014777298850574667 0.012009615384615393
0 0.45466954022988504 0.6921634615384615 0.06457614942528743 0.06013461538461535
1 0.5411566091954023 0.7663461538461539 0.01420258620689654 0.01817307692307701
0 0.5477370689655173 0.7553942307692307 0.03538074712643678 0.04630769230769238
0 0.46264367816091956 0.8134807692307692 0.028972701149425236 0.05762500000000006
0 0.4828663793103448 0.8828750000000001 0.04373563218390812 0.038567307692307595
0 0.4809267241379311 0.9821826923076923 0.017564655172413825 0.025913461538461472
0 0.4917241379310345 0.9716730769230769 0.020172413793103396 0.035057692307692345
0 0.5678520114942529 0.9491057692307693 0.026587643678160914 0.05314423076923075
0 0.6872270114942529 0.9355769230769231 0.025071839080459835 0.04234615384615381
0 0.6374784482758621 0.9422788461538462 0.03563936781609188 0.0877500000000001
0 0.8129094827586206 0.9687403846153846 0.07501436781609201 0.05429807692307684
0 0.7902658045977011 0.8594711538461539 0.10991379310344827 0.029634615384615322
0 0.963074712643678 0.7223942307692307 0.041508620689655315 0.04283653846153842
0 0.8258908045977013 0.7463076923076922 0.0713577586206896 0.07696153846153843
0 0.8619468390804598 0.6694903846153846 0.03849137931034478 0.03657692307692304
0 0.7371264367816092 0.6717788461538461 0.01680316091954022 0.021567307692307754
0 0.728448275862069 0.6633557692307692 0.015193965517241444 0.022028846153846232
1 0.642169540229885 0.7240000000000001 0.011594827586206969 0.015586538461538497
0 0.6424640804597701 0.7082307692307692 0.02807471264367811 0.049576923076923025
0 0.544662356321839 0.6294134615384616 0.032370689655172376 0.033884615384615395
0 0.5964152298850575 0.6032211538461538 0.05471264367816098 0.03621153846153854
0 0.6763074712643677 0.557875 0.022873563218390746 0.06301923076923073
0 0.7656537356321839 0.5313461538461539 0.030481321839080342 0.03122115384615387
0 0.7727873563218391 0.5876538461538461 0.05871408045977013 0.051192307692307704
0 0.9584913793103449 0.5345865384615385 0.01830459770114944 0.02699999999999993
0 0.8625933908045977 0.5276634615384616 0.025969827586206962 0.03880769230769221
0 0.8905459770114943 0.47515384615384615 0.023656609195402183 0.049269230769230725
0 0.8293390804597701 0.48725 0.039446839080459664 0.036038461538461554
0 0.7472485632183908 0.46997115384615384 0.05000718390804599 0.04600961538461535
1 0.7236637931034483 0.2927019230769231 0.015057471264367843 0.013653846153846197
0 0.7012284482758621 0.2910865384615385 0.06253591954022986 0.036134615384615425
1 0.7172270114942528 0.3017788461538462 0.01527298850574712 0.017250000000000053
1 0.8244109195402298 0.306375 0.014267241379310435 0.01989423076923082
0 0.938139367816092 0.17203846153846153 0.06043103448275854 0.053615384615384606
0 0.7994468390804598 0.00725 0.045344827586206816 0.0145
1 0.6651724137931034 0.023605769230769232 0.01726293103448274 0.01721153846153846
0 0.6863362068965517 0.12175961538461538 0.0364655172413793 0.023413461538461546
0 0.7238793103448276 0.23604807692307694 0.05391522988505744 0.05674999999999998
1 0.6260560344827586 0.24336538461538462 0.0158836206896551 0.02110576923076922
0 0.5051580459770114 0.19019230769230772 0.0582614942528735 0.053884615384615406
0 0.38711925287356325 0.16165384615384615 0.03358477011494253 0.061519230769230784
0 0.37735632183908047 0.24041346153846155 0.04340517241379312 0.08985576923076923
0 0.047406609195402294 0.2929423076923077 0.028146551724137936 0.05146153846153845
0 0.044949712643678155 0.35920192307692306 0.02251436781609195 0.050009615384615375
0 0.22662356321839078 0.32227884615384617 0.0589295977011494 0.04337500000000001
0 0.21061781609195404 0.26776923076923076 0.06511494252873562 0.04094230769230773
0 0.2714798850574712 0.26616346153846154 0.04036637931034487 0.0504423076923077
0 0.22188218390804598 0.189375 0.029432471264367835 0.061663461538461535
0 0.17444683908045977 0.14360576923076923 0.03136494252873565 0.0793173076923077
0 0.1711278735632184 0.08080769230769232 0.034367816091954 0.05385576923076922
0 0.14483477011494253 0.07030769230769231 0.0369755747126437 0.03364423076923078
0 0.15686781609195402 0.025278846153846152 0.023196839080459785 0.03483653846153847
0 0.06692528735632183 0.12191346153846155 0.03886494252873563 0.02518269230769232
0 0.060057471264367814 0.15578846153846154 0.02188218390804598 0.045269230769230756
0 0.1032183908045977 0.163 0.03573275862068966 0.032230769230769216
0 0.055481321839080465 0.09220192307692308 0.032492816091954015 0.03059615384615384
1 0.24967672413793104 0.4359230769230769 0.020998563218390817 0.015134615384615394
1 0.8671264367816092 0.5307692307692308 0.0141235632183907 0.017711538461538532
0 0.9170545977011494 0.7608846153846154 0.05328304597701155 0.0809615384615385
1 0.8935488505747126 0.9198942307692308 0.016558908045977143 0.02125961538461529
0 0.7577586206896552 0.9425288461538461 0.04108477011494257 0.033913461538461524
0 0.7958979885057472 0.3285480769230769 0.030237068965517346 0.03397115384615389
0 0.6886853448275861 0.22679807692307694 0.1002658045977011 0.09782692307692309
0 0.4297988505747126 0.11762500000000001 0.04973419540229886 0.03738461538461539
0 0.4606896551724138 0.11859615384615385 0.026817528735632132 0.02521153846153845
0 0.47028735632183905 0.0801153846153846 0.03767959770114946 0.033153846153846145
0 0.5646408045977012 0.24945192307692307 0.0913577586206897 0.046500000000000014
0 0.35555316091954026 0.2347403846153846 0.025797413793103425 0.06759615384615383
0 0.2711709770114943 0.15774038461538462 0.03079022988505748 0.03504807692307691
1 0.2702873563218391 0.13873076923076924 0.012399425287356314 0.015528846153846133
0 0.12875 0.20671153846153845 0.02397270114942529 0.03324999999999999
0 0.17204741379310345 0.23218269230769228 0.056831896551724145 0.03880769230769229
1 0.09104166666666667 0.4398269230769231 0.022614942528735624 0.019932692307692325
1 0.12349137931034483 0.9765769230769231 0.02563936781609195 0.016461538461538465
1 0.06841235632183908 0.7164807692307692 0.011228448275862066 0.010509615384615445
1 0.1799640804597701 0.7062403846153846 0.027176724137931044 0.02155769230769238
1 0.2297485632183908 0.7169326923076923 0.03214798850574713 0.021846153846153873
1 0.18025143678160918 0.7757211538461538 0.01855603448275861 0.012999999999999982
1 0.14813218390804597 0.7451538461538462 0.0200646551724138 0.016528846153846206
1 0.6473778735632184 0.4428269230769231 0.013441091954023014 0.013730769230769204
1 0.4245330459770115 0.7737403846153846 0.019252873563218358 0.01886538461538451
1 0.7439152298850574 0.8127884615384615 0.018060344827586196 0.017384615384615314
0 0.3494396551724138 0.6300384615384615 0.02563218390804594 0.05207692307692315
0 0.32015804597701153 0.5132115384615384 0.031048850574712662 0.028846153846153848
1 0.030696839080459767 0.9586730769230769 0.02465517241379311 0.016788461538461575
1 0.2284626436781609 0.9920192307692308 0.02277298850574716 0.012144230769230874
1 0.2507183908045977 0.9951923076923077 0.021551724137931036 0.009615384615384616
1 0.19609195402298848 0.5450769230769231 0.026048850574712637 0.016807692307692326
1 0.40461206896551727 0.9088557692307693 0.0217456896551724 0.01613461538461536
1 0.7698204022988505 0.9438653846153846 0.017327586206896475 0.019490384615384597
0 0.5906896551724138 0.5227307692307692 0.04452586206896553 0.04004807692307701
0 0.42336206896551726 0.5239711538461538 0.03833333333333326 0.04524038461538457
0 0.4386637931034483 0.48738461538461536 0.03269396551724137 0.019346153846153794
1 0.6210488505747126 0.49034615384615376 0.010301724137930976 0.03628846153846149
0 0.9675646551724137 0.605201923076923 0.06487068965517255 0.06190384615384604
0 0.37880747126436776 0.41297115384615385 0.028699712643678193 0.04616346153846153
0 0.40824712643678157 0.3990576923076923 0.03348419540229878 0.07966346153846156
0 0.38732040229885056 0.34398076923076926 0.036436781609195425 0.05277884615384614
1 0.3847413793103448 0.2721923076923077 0.018038793103448202 0.02321153846153845
1 0.25214080459770116 0.08150961538461537 0.023290229885057443 0.01767307692307692
1 0.19841235632183907 0.11461538461538462 0.017068965517241373 0.011067307692307684
0 0.038908045977011495 0.4315865384615385 0.06357040229885058 0.03598076923076919
1 0.23772270114942531 0.8954423076923077 0.025452586206896517 0.018769230769230753
0 0.049999999999999996 0.5646538461538462 0.028620689655172418 0.048374999999999946
0 0.1813218390804598 0.5863942307692308 0.06096982758620692 0.043076923076923034