1 0.1799640804597701 0.7062403846153846 0.027176724137931044 0.02155769230769238
1 0.2297485632183908 0.7169326923076923 0.03214798850574713 0.021846153846153873
1 0.18025143678160918 0.7757211538461538 0.01855603448275861 0.012999999999999982
1 0.14813218390804597 0.7451538461538462 0.0200646551724138 0.016528846153846206
1 0.23772270114942531 0.8954423076923077 0.025452586206896517 0.018769230769230753
1 0.6473778735632184 0.4428269230769231 0.013441091954023014 0.013730769230769204
1 0.4245330459770115 0.7737403846153846 0.019252873563218358 0.01886538461538451
1 0.5387571839080461 0.7666634615384615 0.01420258620689654 0.01817307692307701
1 0.8921120689655172 0.9210480769230769 0.016558908045977143 0.02125961538461529
1 0.7439152298850574 0.8127884615384615 0.018060344827586196 0.017384615384615314
0 0.11561781609195403 0.5982019230769231 0.030610632183908054 0.056999999999999974
0 0.1769324712643678 0.5884230769230769 0.05400143678160921 0.05605769230769227
0 0.29961206896551723 0.7516346153846154 0.049281609195402316 0.05102884615384609
0 0.2609985632183908 0.6458461538461538 0.08497844827586204 0.06650000000000007
0 0.3494396551724138 0.6300384615384615 0.02563218390804594 0.05207692307692315
0 0.32015804597701153 0.5132115384615384 0.031048850574712662 0.028846153846153848
1 0.030696839080459767 0.9586730769230769 0.02465517241379311 0.016788461538461575
0 0.07326867816091953 0.7037307692307693 0.03832614942528735 0.021144230769230776
1 0.07263649425287357 0.7133557692307693 0.019094827586206904 0.011288461538461548
1 0.2284626436781609 0.9920192307692308 0.02277298850574716 0.012144230769230874
1 0.2507183908045977 0.9951923076923077 0.021551724137931036 0.009615384615384616
1 0.1217456896551724 0.9793076923076923 0.02563936781609195 0.016461538461538357
1 0.4002586206896552 0.639846153846154 0.010668103448275797 0.010750000000000062
1 0.41673132183908046 0.6447115384615385 0.014777298850574667 0.012009615384615393
0 0.4633045977011494 0.69425 0.07129310344827587 0.05145192307692307
1 0.5526221264367817 0.8710096153846154 0.013060344827586253 0.019999999999999955
1 0.6521408045977012 0.7245576923076923 0.011594827586206969 0.015586538461538497
0 0.7289295977011495 0.6638365384615385 0.014231321839080503 0.01977884615384609
0 0.12726293103448277 0.7292211538461538 0.05863505747126437 0.04640384615384614
1 0.19609195402298848 0.5450769230769231 0.026048850574712637 0.016807692307692326
0 0.4640804597701149 0.8303557692307693 0.028972701149425236 0.048307692307692315
0 0.48430316091954023 0.8799807692307692 0.04373563218390812 0.038567307692307595
0 0.4886063218390804 0.9692596153846154 0.02113505747126442 0.030875000000000014
0 0.4821264367816092 0.9881250000000001 0.0166020114942528 0.01916346153846149
0 0.5676149425287357 0.953125 0.0261063218390804 0.04510576923076931
1 0.40461206896551727 0.9088557692307693 0.0217456896551724 0.01613461538461536
0 0.5523635057471264 0.7562019230769231 0.04531609195402293 0.0414903846153847
0 0.6438146551724139 0.7176634615384615 0.028139367816092005 0.03293269230769231
0 0.6316810344827586 0.9283365384615385 0.03075431034482755 0.09429807692307686
0 0.6818103448275863 0.9498269230769232 0.02679597701149422 0.03579807692307694
0 0.7559554597701149 0.8614038461538461 0.10991379310344827 0.029634615384615322
0 0.7600574712643678 0.9380961538461539 0.04568247126436792 0.04662500000000001
1 0.7698204022988505 0.9438653846153846 0.017327586206896475 0.019490384615384597
0 0.5541522988505747 0.635173076923077 0.03441091954022995 0.03632692307692305
0 0.6001867816091955 0.6233365384615385 0.05126436781609188 0.04237499999999994
0 0.5906896551724138 0.5227307692307692 0.04452586206896553 0.04004807692307701
0 0.42336206896551726 0.5239711538461538 0.03833333333333326 0.04524038461538457
0 0.4386637931034483 0.48738461538461536 0.03269396551724137 0.019346153846153794
1 0.6210488505747126 0.49034615384615376 0.010301724137930976 0.03628846153846149
0 0.6779669540229886 0.5528653846153846 0.02619971264367818 0.06301923076923073
0 0.7715373563218391 0.5879326923076924 0.03959770114942521 0.04284615384615379
0 0.7673132183908046 0.5357980769230769 0.026329022988505812 0.03010576923076918
0 0.747176724137931 0.47646153846153844 0.04489224137931027 0.041692307692307654
0 0.825280172413793 0.4880384615384616 0.061300287356321786 0.027182692307692345
0 0.8824137931034483 0.47571153846153846 0.03257183908045987 0.03600000000000005
0 0.8542959770114943 0.5217307692307692 0.030280172413793167 0.03765384615384623
1 0.8607974137931035 0.5296153846153846 0.0141235632183907 0.017711538461538532
0 0.8189295977011495 0.9754807692307692 0.05195402298850586 0.04903846153846154
0 0.9127442528735632 0.7489423076923076 0.05328304597701155 0.11870192307692312
0 0.8258908045977013 0.7501634615384615 0.0713577586206896 0.07696153846153843
0 0.8535560344827587 0.6795769230769231 0.03147988505747138 0.03991346153846153
0 0.9675646551724137 0.605201923076923 0.06487068965517255 0.06190384615384604
0 0.9626436781609196 0.5368173076923076 0.01830459770114944 0.02699999999999993
0 0.9355459770114942 0.16513461538461538 0.057334770114942486 0.059269230769230755
0 0.6844683908045976 0.22096153846153846 0.11938218390804595 0.10498076923076921
0 0.7313577586206896 0.24150961538461538 0.05142959770114945 0.04431730769230767
0 0.7932255747126438 0.331 0.03220545977011489 0.04037500000000001
0 0.5109482758620689 0.186 0.05700431034482752 0.0476153846153846
0 0.5664655172413793 0.25434615384615383 0.08151580459770116 0.04349038461538463
0 0.9657183908045976 0.7121923076923077 0.039497126436781625 0.05516346153846143
0 0.37880747126436776 0.41297115384615385 0.028699712643678193 0.04616346153846153
0 0.40824712643678157 0.3990576923076923 0.03348419540229878 0.07966346153846156
0 0.38732040229885056 0.34398076923076926 0.036436781609195425 0.05277884615384614
0 0.40913074712643677 0.12120192307692305 0.09106321839080458 0.03851923076923076
0 0.35780172413793104 0.23248076923076924 0.03479166666666663 0.073625
0 0.3835919540229885 0.2389230769230769 0.04734195402298853 0.08420192307692308
1 0.3847413793103448 0.2721923076923077 0.018038793103448202 0.02321153846153845
0 0.45928160919540234 0.11784615384615385 0.026817528735632132 0.025211538461538473
0 0.4674784482758621 0.07860576923076923 0.03767959770114946 0.033153846153846145
1 0.6282040229885058 0.24336538461538462 0.0158836206896551 0.02110576923076922
0 0.22361350574712643 0.32525961538461534 0.04908764367816095 0.03805769230769235
0 0.27817528735632185 0.274625 0.03224856321839079 0.04406730769230773
0 0.2083764367816092 0.26514423076923077 0.06511494252873562 0.0409423076923077
0 0.16632902298850574 0.23877884615384617 0.05905172413793103 0.03752884615384618
0 0.2244037356321839 0.1891826923076923 0.02663074712643682 0.04628846153846153
0 0.26948275862068966 0.1630096153846154 0.03079022988505748 0.03504807692307691
1 0.27141522988505745 0.13760576923076925 0.014087643678160929 0.02079807692307692
1 0.25214080459770116 0.08150961538461537 0.023290229885057443 0.01767307692307692
0 0.18005028735632184 0.14758653846153846 0.028577586206896533 0.04059615384615387
0 0.1829022988505747 0.10224038461538461 0.045043103448275855 0.038048076923076914
1 0.19841235632183907 0.11461538461538462 0.017068965517241373 0.011067307692307684
0 0.12875 0.20788461538461536 0.02397270114942529 0.03941346153846155
0 0.1530603448275862 0.041375 0.0341594827586207 0.03709615384615384
0 0.1364008620689655 0.0751923076923077 0.04822557471264367 0.03211538461538462
0 0.10988505747126437 0.16788461538461538 0.029698275862068947 0.04685576923076925
0 0.053081896551724135 0.08275961538461538 0.03638649425287357 0.036971153846153834
0 0.05533764367816092 0.14764423076923078 0.031932471264367816 0.040884615384615366
0 0.06811781609195401 0.1346923076923077 0.038613505747126436 0.03364423076923078
0 0.05385057471264367 0.2816923076923077 0.03766522988505747 0.05146153846153845
0 0.05545258620689655 0.3552596153846154 0.04575431034482758 0.04288461538461541
0 0.038908045977011495 0.4315865384615385 0.06357040229885058 0.03598076923076919
0 0.049612068965517245 0.5693269230769231 0.028620689655172418 0.048374999999999946
1 0.24967672413793104 0.4359230769230769 0.020998563218390817 0.015134615384615394
0 0.7088721264367817 0.11600961538461539 0.0364655172413793 0.023413461538461546
0 0.8101795977011494 0.015163461538461539 0.045344827586206816 0.030317307692307692
1 0.6748347701149425 0.03510576923076923 0.01726293103448274 0.017211538461538455
0 0.7138793103448277 0.29265384615384615 0.04285201149425294 0.03876923076923082
1 0.7204382183908046 0.30374999999999996 0.01949712643678168 0.01873076923076925
1 0.7247629310344827 0.2927019230769231 0.015057471264367843 0.013653846153846197
1 0.825294540229885 0.30674999999999997 0.020172413793103396 0.024413461538461526
0 0.3899784482758621 0.16047115384615385 0.027399425287356394 0.04908653846153847
0 0.7368893678160919 0.6733846153846155 0.01632183908045971 0.017711538461538532
1 0.09254310344827586 0.43840384615384614 0.02887212643678161 0.02247115384615385